0
0.787
1.562
2.334
3.107
3.868
4.624
5.414
6.163
6.898
7.627
8.383
9.158
9.938
10.7
11.496
12.306
13.142
14.014
14.865
15.714
16.567
17.444
18.321
19.245
20.14
21.031
21.958
22.867
23.776
24.658
25.55
26.424
27.307
28.207
29.088
29.94
30.798
31.666
32.529
33.435
34.325
35.245
36.19
37.087
37.984
38.886
39.824
40.724
41.614
42.533
43.436
44.38
45.353
46.294
47.258
48.213
49.183
50.122
51.061
52.031
52.951
53.902
54.88
55.835
56.752
57.682
58.639
59.576
60.492
61.409
62.333
63.269
64.218
65.144
66.07
67.046
68.049
69.064
70.068
71.041
71.964
72.848
73.719
74.61
75.516
76.464
77.409
78.38
79.342
80.359
81.311
82.261
83.24
84.166
85.142
86.138
87.075
88.059
88.998
89.977
90.895
91.8
92.66
93.523
94.398
95.287
96.185
97.126
98.099
99.087
100.09
101.016
101.972
102.934
103.902
104.864
105.76
106.626
107.494
108.345
109.223
110.141
111.062
112.023
113.017
114.024
114.993
116
116.957
117.89
118.845
119.827
120.811
121.75
122.702
123.656
124.589
125.573
126.567
127.522
128.436
129.312
130.162
131.035
131.935
132.872
133.793
134.746
135.709
136.64
137.577
138.552
139.542
140.486
141.429
142.358
143.305
144.289
145.243
146.233
147.173
148.13
149.07
150.02
150.968
151.914
152.85
153.727
154.57
155.376
156.228
157.031
157.839
158.657
159.47
160.308
161.147
161.994
162.857
163.737
164.613
165.489
166.352
167.211
168.081
168.962
169.835
170.716
171.58
172.453
173.323
174.208
175.117
176.014
176.901
177.747
178.585
179.439
180.312
181.233
182.142
183.071
184.02
184.948
185.864
186.775
187.679
188.575
189.469
190.341
191.215
192.095
192.983
193.881
194.76
195.641
196.538
197.431
198.32
199.204
200.087
200.965
201.848
202.754
203.676
204.595
205.503
206.424
207.343
208.25
209.144
210.036
210.94
211.86
212.793
213.732
214.679
215.606
216.521
217.447
218.374
219.304
220.25
221.195
222.134
223.081
224.04
225.017
225.984
226.936
227.882
228.828
229.755
230.667
231.603
232.53
233.451
234.364
235.289
236.221
237.135
238.064
239.011
239.927
240.85
241.787
242.719
243.654
244.588
245.516
246.442
247.374
248.32
249.258
250.211
251.146
252.056
252.984
253.94
254.889
255.828
256.769
257.724
258.679
259.631
260.586
261.539
262.494
263.462
264.428
265.389
266.367
267.346
268.31
269.283
270.265
271.245
272.204
273.179
274.165
275.143
276.122
277.107
278.086
279.073
280.065
281.055
282.049
283.053
284.042
284.999
285.943
286.893
287.854
288.82
289.797
290.777
291.762
292.743
293.718
294.673
295.607
296.553
297.506
298.449
299.409
300.383
301.347
302.303
303.258
304.202
305.147
306.093
307.013
307.952
308.898
309.859
310.825
311.801
312.775
313.732
314.674
315.634
316.605
317.568
318.531
319.468
320.385
321.304
322.232
323.164
324.078
324.999
325.939
326.86
327.802
328.75
329.698
330.644
331.612
332.577
333.553
334.541
335.524
336.494
337.456
338.422
339.393
340.357
341.326
342.292
343.236
344.191
345.141
346.083
347.049
348.035
349.024
349.991
350.959
351.946
352.927
353.87
354.797
355.747
356.71
357.676
358.672
359.654
360.645
361.652
362.658
363.669
364.682
365.696
366.681
367.689
368.709
369.723
370.722
371.752
372.808
373.846
374.829
375.812
376.769
377.759
378.74
379.663
380.563
381.472
382.344
383.219
384.115
385.063
386.034
386.984
388.001
388.981
389.995
390.969
391.988
393.02
394.02
395.002
396.017
397.003
397.959
398.927
399.938
400.943
401.913
402.898
403.928
404.948
405.947
406.985
408.035
409.04
410.072
411.132
412.145
413.168
414.214
415.206
416.17
417.165
418.206
419.198
420.2
421.252
422.238
423.17
424.092
425.036
426.005
427.015
428.048
429.1
430.14
431.111
432.107
433.11
434.094
435.044
435.967
436.904
437.842
438.782
439.693
440.612
441.558
442.48
443.472
444.427
445.435
446.426
447.421
448.378
449.357
450.348
451.341
452.37
453.387
454.406
455.367
456.336
457.33
458.285
459.278
460.217
461.202
462.21
463.232
464.198
465.182
466.15
467.09
468.058
469.049
470.016
470.987
471.961
472.944
473.921
474.844
475.789
476.729
477.651
478.567
479.487
480.423
